Position	Team	Points	Played	Won	Drawn	Lost	For	Against	Difference
1	Palestra Itália-SP	18	9	9	0	0	33	8	25
2	Auto	14	9	7	0	2	25	14	11
3	Corinthians	13	9	6	1	2	26	9	17
4	Santos	11	9	5	1	3	24	17	7
5	Sílex	8	9	3	2	4	17	26	-9
6	Sírio	7	9	3	1	5	21	20	1
7	Ypiranga-SP	7	9	3	1	5	16	22	-6
8	Portuguesa	7	9	2	3	4	17	26	-9
9	AA São Bento	4	9	2	0	7	9	31	-22
10	SC Internacional de São Paulo	1	9	0	1	8	9	24	-15
